3,2
3,1
3,3
10,87
10,257
10,283
10,69
10,255
10,297
10,195
10,33
10,2
10,3
11,4
11,6
11,19
11,8
11,14
11,2
11,3
9,5
9,1
9,7
9,2
9,3
8,8
8,15
8,10
8,5
8,7
8,2
8,3
12,2
12,1
12,3
19,2
19,1
19,3
18,1
18,3
14,1
14,3
13,1
13,3
2,2
2,1
2,3
101,4
101,3
101,2
101,1
101,0
100,4
100,3
100,2
100,1
100,0
99,4
99,3
99,2
99,1
99,0
98,4
98,3
98,2
98,1
98,0
97,4
97,3
97,2
97,1
97,0
96,4
96,3
96,2
96,1
96,0
95,4
95,3
95,2
95,1
95,0
94,4
94,3
94,2
94,1
94,0
93,4
93,3
93,2
93,1
93,0
92,4
92,3
92,2
92,1
92,0
91,3
91,2
91,1
91,0
21,3
